(DEVICE FILE: HSED120-20M-QTH)

PACKAGE 'HSED120-20M-QTH'
CLASS IC
PINCOUNT 130

PINORDER 'HSED120-20M-QTH' 121 129 2 4 6 1 3 5 8 10 12 14 16 122 7 9 11 13 15 18 20 22 24 26 17 19,
      21 23 25 28 30 32 34 36 123 27 29 31 33 35 38 40 42 44 46 37 39 41 43 45 48 50 52 54 47 49 51,
      53 56 58 60 124 55 57 59 125 62 64 61 63 66 68 70 72 74 126 65 67 69 71 73 76 78 80 82 75 77,
      79 81 84 86 88 90 92 83 85 87 89 91 94 96 98 100 102 104 127 93 95 97 99 101 103 106 108 110,
      112 105 107 109 111 114 116 118 120 128 113 115 117 119 130
PINSWAP 'HSED120-20M-QTH' 121 129 2 4 6 1 3 5 8 10 12 14 16 122 7 9 11 13 15 18 20 22 24 26 17 19 21,
      23 25 28 30 32 34 36 123 27 29 31 33 35 38 40 42 44 46 37 39 41 43 45 48 50 52 54 47 49 51 53,
      56 58 60 124 55 57 59 125 62 64 61 63 66 68 70 72 74 126 65 67 69 71 73 76 78 80 82 75 77 79,
      81 84 86 88 90 92 83 85 87 89 91 94 96 98 100 102 104 127 93 95 97 99 101 103 106 108 110 112,
      105 107 109 111 114 116 118 120 128 113 115 117 119 130
FUNCTION 'HSED120-20M-QTH' 'HSED120-20M-QTH' 121 129 2 4 6 1 3 5 8 10 12 14 16 122 7 9 11 13 15 18,
      20 22 24 26 17 19 21 23 25 28 30 32 34 36 123 27 29 31 33 35 38 40 42 44 46 37 39 41 43 45 48,
      50 52 54 47 49 51 53 56 58 60 124 55 57 59 125 62 64 61 63 66 68 70 72 74 126 65 67 69 71 73,
      76 78 80 82 75 77 79 81 84 86 88 90 92 83 85 87 89 91 94 96 98 100 102 104 127 93 95 97 99 101,
      103 106 108 110 112 105 107 109 111 114 116 118 120 128 113 115 117 119 130

PACKAGEPROP VALUE QTH_060_02_F_D_A_K

END
